0,0.025274,0,0.051141,0,0.091011,0.011051,0,0.030486,0.0091914,0,0,0,0,0.0044019,0,0.00043787,0,0.00033579,0,0,0,0,0,0.00017371,0.00045482,0,0,0.087303,0.00043844,0.0066399,0.0028969,0.0024774,0,0.021064,0.0034233,0.021944,0.0089814,0.022741,0.00011659,0.000399,0.00026307,0.0038569,0,0.0016236,0,0,0,0,0,0,0,0,0,0,0,0,0,0,0,0,0,0,0,0,0,0,0,0,0,0,0,0,0,0,0,0,0,0,0,0.0022996,0,0,0,0,0,0,0,0.00027193,0
0.025274,0,0.02914,0.11255,0.014751,0.023979,0.016267,0.0050185,0.0058653,0.070683,8.6082e-05,0.090346,0.003197,0.00017972,0.012305,0.0042621,0.00097356,0,0.00030378,0,0,0,0,0.00020339,0,0.00023515,0.00071586,0,0.00023772,0.00018242,0,0,9.377e-05,0,0.002093,0.013995,0.053631,0.029888,0.02234,0,0.00010437,0.0016068,8.7326e-05,0.00020427,0,0,0,0,0,0,0,0.0011461,0.00041229,0.00051541,0.0025858,0,0,0,0,0,0,0,0,0,0,0,0,0,0,0,0,0,0,0.0026503,0.0065471,0,0,0.00091664,0.021316,0,0.015063,0,0,0.00019289,0.00047155,9.3904e-05,0.0012295,0.00024034,0.011416,0
0,0.02914,0,0.005414,0.15357,0,0,0.074846,0,0,0.036068,0.013569,0.050803,0.10489,0.015559,0.0031204,0,0,0.0062429,0.0039733,0.0047582,0.00056242,0,0.0043836,0,0.0025774,0.0033063,0.002016,0,0,0,0,0,0,0,0.03274,0.046209,0.017311,0.0063488,0,0,0.017838,0.0038301,0.011165,0.0020497,0,0,0,0,0,0,0,0,0,0.003428,0,0,0,0,0,0,0,0,0,0,0,0,0,0,0,0,0,0,0,0.0025464,0,0.0074099,0.014496,0.0073415,0.0066369,0,0,0,0,0,0.0003874,0,0.0067667,0.0040907,0
0.051141,0.11255,0.005414,0,0.027217,0.050734,0.073526,0.003587,0.004614,0.0010337,0,0.0024874,0,0,0.0080136,0,0,0,0,0,0,0,0,0,0,0,0,0,0.00073152,0,0.00049422,0,0.00016875,0,0,0.0059891,0.014124,0.006598,0.0040483,0,0,0.00078856,0.00060814,0,0,0,0,0,0,0,0,0,0,0,8.432e-05,0,0,0,0,0,0,0,0,0,0,0,0,0,0,0,0,0,0,0,0.00026607,0,0,0,0.0031189,0,0.00069786,0,0,9.1837e-05,0,0,0.0006389,0,0.001963,0
0,0.014751,0.15357,0.027217,0,0.00041128,0.015068,0.12959,9.058e-05,0,0.0001255,0.0015942,0,0.0007852,0.0091598,0,0,0,0.0030484,0,0.00062861,0.0003375,0,0.0018926,0,0.0016031,0.0014787,0.0005945,0,0,0,0.00020177,9.3735e-05,0,0,0.022625,0.040911,0.016298,0.012138,0,0,0.0065125,0.0023348,0.0019213,0.00096414,0,0,0,0,0,0,0,0,0,0.00073646,0,0,0,0,0,0,0,0,0,0,0,0,0,0,0,0,0,0,0,8.4487e-05,0,0,0.00025554,0.0018731,0,0,0,0,0,0,0.00022993,9.7862e-05,0.00028922,0.0016299,0
0.091011,0.023979,0,0.050734,0.00041128,0,0.11913,0.002153,0.084054,0.010127,0,0.0052689,0,0,0.067033,9.2509e-05,0.00032974,0,0,0,0,0,0,0,0,0.00037436,0,0,0.0086706,0,0.002171,0.0050588,0.0011366,0,0,0.0035116,0.0076818,9.281e-05,0.0011276,0,0.0053497,0.012796,0.007848,0,0.0022848,0,0,0,0,0,0,0,0,0,0,0,0,0,0,0,0,0,0,0,0,0,0,0,0,0,0,0,0,0,0,0,0,0,0.00018737,0,0.00047624,0,0,0,0,0,0,0,0.00071639,0
0.011051,0.016267,0,0.073526,0.015068,0.11913,0,0.066164,0.0058819,0.001243,0,0.0049026,0,0,0.081136,0.00021255,8.542e-05,0,0.00013541,0,0,0.00011989,0,0,0,0.00066827,8.9259e-05,0,0.00082678,0,0.00060833,0.0027431,0.00048333,0,0,0.0070977,0.024893,0.0061466,0.0055484,0,0.0032346,0.0035797,0.0052379,0.00051692,0.0012122,0,0,0,0,0,0,0,0,0,0,0,0,0,0,0,0,0,0,0,0,0,0,0,0,0,0,0,0,0,0,0,0,0,0.00032371,0,0,0,0,0,0,0,0.00020355,0,0.00027955,0
0,0.0050185,0.074846,0.003587,0.12959,0.002153,0.066164,0,0.0007055,0,0.016884,0.0019645,0.0017244,0.014262,0.09146,0.00028178,0,0,0.0028212,0.0074589,0.0022866,0.000161,0,0.0014646,0,0.0023253,0.0015422,0.00050933,0,0,0,0.00022454,0,0,0,0.015227,0.04766,0.016366,0.01195,0.00010213,0.00065782,0.07196,0.0038286,0.0083208,0.00089084,0,0,0,0,0,0,0,0,0,0,0,0,0,0,0,0,0,0,0,0,0,0,0,0,0,0,0,0,0,0.00010616,0,0.00021522,0.0002782,0.00021501,0.00074374,0,0,0,0,0,0,0,0.00026693,0.00019043,0
0.030486,0.0058653,0,0.004614,9.058e-05,0.084054,0.0058819,0.0007055,0,0.002479,0,0.00010693,0,0,0.13719,0,0,0,0,0,0,0,0,0,8.8861e-05,0.0005211,0,8.9984e-05,0.067168,0.00045489,0.005504,0.044704,9.852e-05,0.00010028,0,8.668e-05,0.018179,0,0.00037795,0.13987,0.1111,0.022365,0.0084864,0,0.0020345,0,0,0,0,0,0,0,0,0,0,0,0,0,0,0,0,0,0,0,0,0,0,0,0,0,0,0,0,0,0,0,0,0,0,0,0,0,0,0,0,0,0,0,0,0
0.0091914,0.070683,0,0.0010337,0,0.010127,0.001243,0,0.002479,0,0,0.034551,0,0,0.0025867,0.010683,0.080856,0,0,0,0,0,0,0,0,0,0,0,8.9347e-05,0.00020978,0,0,0,0.00079236,0.052186,0.0057505,0.016851,0.0056974,0.018097,0,0,0.00010734,0,0,0,0,0,0,0,0,0,0.001401,0.00023942,0.00075654,0.0035066,0.00030649,0,0,0,0,0,0,0,0,0,0,0,0,0,0,0,0,0,0.022016,0.0037745,0,0,0,0.010716,0,0.10485,0,0,0,0.00079956,0,0.00070708,0,0.026334,0.00097321
0,8.6082e-05,0.036068,0,0.0001255,0,0,0.016884,0,0,0,0.0030303,0.042208,0.10645,0.0088244,0.057821,0.00032703,0,0.0055075,0.012829,0.037583,0.00047919,0,0.0018526,0,0.00090842,0.00087876,0.0016329,0,0,0,0,0,0,0,0.071563,0.0085078,9.9135e-05,0,0,0,0.019352,0.0037954,0.012366,0.0027525,0,0,0,0,0,0,0,0,0,0.0062201,0,0,0,0,0,0,0,0,0,0,0,0,0,0,0,0,0,0,0,0.013275,0,0.022069,0.027208,0.003553,0.067894,0,0,0,0,0,0.0001081,0,0.01039,0.0012931,0
0,0.090346,0.013569,0.0024874,0.0015942,0.0052689,0.0049026,0.0019645,0.00010693,0.034551,0.0030303,0,0.047909,0.0047366,0.0036222,0.11096,0.028219,0.00065048,9.8231e-05,0,0,0,0,0.00011906,0,9.411e-05,0.00032807,0,0,0,0,0,0,0.00030986,0,0.01566,0.032531,0.021327,0.011003,0,0,0.00055495,0,9.8156e-05,0,0,0,0,0,0,0,0.0030563,0.002192,0.0033851,0.0060227,0,0,0,0,0,0,0,0,0,0,0,0,0,0,0,0,0,0,0.019079,0.040878,0,0.0012483,0.011969,0.084873,0.0025739,0.004762,0,0,0.0011043,0.00076674,0.00012242,0.0027282,0.0044911,0.027386,0
0,0.003197,0.050803,0,0,0,0,0.0017244,0,0,0.042208,0.047909,0,0.11076,0.00019727,0.091059,0.00014526,0,0.00024881,0,0.00038203,0,0,0.00010408,0,0,0.00012573,0,0,0,0,0,0,0,0,0.021287,0.0079549,0.0038939,0.00042213,0,0,0.00071019,0,0.00056922,8.3985e-05,0,0,0,0,0,0,0,0,0,0.009127,0,0,0,0,0,0,0,0,0,0,0,0,0,0,0,0,0,0,0,0.012968,0,0.023158,0.08845,0.01303,0.020217,0,0,0,0,0,0.0004477,0,0.017513,0.0063529,0
0,0.00017972,0.10489,0,0.0007852,0,0,0.014262,0,0,0.10645,0.0047366,0.11076,0,0.0032619,0.019285,0,0,0.0026599,0.0029153,0.0051228,9.805e-05,0,0.0014802,0,0.000353,0.00073006,0.00087219,0,0,0,0,0,0,0,0.038662,0.011746,0.0014979,8.7784e-05,0,0,0.0067215,0.0012303,0.0063957,0.0011168,0,0,0,0,0,0,0,0,0,0.010862,0,0,0,0,0,0,0,0,0,0,0,0,0,0,0,0,0,0,0,0.0040148,0,0.084589,0.028641,0.0018881,0.022586,0,0,0,0,0,0.00013129,0,0.01129,0.00079859,0
0.0044019,0.012305,0.015559,0.0080136,0.0091598,0.067033,0.081136,0.09146,0.13719,0.0025867,0.0088244,0.0036222,0.00019727,0.0032619,0,8.3981e-05,8.6812e-05,0,0.00094581,0.00017205,0.0033019,0.00012136,0,0.00028052,0.00018294,0.0016174,0.00088169,0,0.0089965,0.00093279,0.0020172,0.011061,0.00072805,0,0,0.0013481,0.062951,0.0061108,0.0012318,0.097513,0.051275,0.047012,0.0084844,0.00818,0.0015984,0,0,0,0,0,0,0,0,0,0,0,0,0,0,0,0,0,0,0,0,0,0,0,0,0,0,0,0,0,0,0,0,0,9.1161e-05,0,0,0,0,0,0,0,0,0,0,0
0,0.0042621,0.0031204,0,0,9.2509e-05,0.00021255,0.00028178,0,0.010683,0.057821,0.11096,0.091059,0.019285,8.3981e-05,0,0.055614,0.0085847,0,0,0,0,0.0010919,0,0,0,0,0,0,0,0,0,0,0.0081096,0,0.010858,0.0049189,0.003355,0.00087582,0,0,0,0,0,0,0,0,0,0,0,0,0.00075961,0.00068836,0.00081432,0.0021397,0,0,0,0,0,0,0,0,0,0,0,0,0,0,0,0,0,0,0.017115,0.11165,0,0.0073346,0.032586,0.023479,0.022812,0.0051064,0,0,0,0,0,0,0.0047845,0.0087781,0
0.00043787,0.00097356,0,0,0,0.00032974,8.542e-05,0,0,0.080856,0.00032703,0.028219,0.00014526,0,8.6812e-05,0.055614,0,0.056072,0,0,0,0.00067246,0.003224,0.00012354,0,0,0,0,0,8.8932e-05,0,0,0,0.058069,0.046904,0.00074315,0.0017539,0.00054851,0.0030151,0.00010422,0,0,0,0,0,0,0,0,0,0,0,0.00066204,0,0.00013854,0.0004094,0.010456,0.0072273,0,0,0,0,0.00020846,0,0,0,0,0,0,0,0,0,0,0.0012918,0.066932,0.0054936,0,0,0,0.0035046,0,0.028101,0,0,0,0,0,0,0,0.0028876,0
0,0,0,0,0,0,0,0,0,0,0,0.00065048,0,0,0,0.0085847,0.056072,0,0.010865,0.0019903,9.195e-05,0.046525,0.049018,0.012937,0.039795,0.013995,0.0058571,0.00067743,0,0.0066198,8.9231e-05,0,0,0.14325,0,0,0.00020903,0,0.0022196,0,9.4617e-05,0,0.00089747,0,0.0016854,0.000315,0,0.00013596,0,0.00030599,0,0.0016815,0.0001245,0.0012418,0,0,0.065708,0.000518,0,0,0.0051437,0,0.00058623,0.0017061,0.0034654,0.026285,0.0063104,0.040322,0.038827,0.00047889,0.00018001,0.014598,0.1639,0.017696,0,0,0,0,0,0,0,0,0,0,0,0,0,0,0,0
0.00033579,0.00030378,0.0062429,0,0.0030484,0,0.00013541,0.0028212,0,0,0.0055075,9.8231e-05,0.00024881,0.0026599,0.00094581,0,0,0.010865,0,0.10658,0.1145,0.013661,0.0067992,0.035597,0.011502,0.010618,0.011931,0.049394,0.00010205,0.001808,0,0,0,0.0081751,0.00028738,0.00068148,0.0061857,0.0013955,0.056663,0,0,0.012608,0.0083192,0.032068,0.031076,0,0,0,0,0,0,0.0004182,0,0,0,0,0.0043437,0,0,0,0.00056372,0,0,8.6857e-05,0,0.0018125,0.0011244,0.0033021,0.0047573,0,8.8935e-05,0.0045628,0.0064373,0,0,0,0,0,0,0,0,0,0,0,0,0,0,0,0,0
0,0,0.0039733,0,0,0,0,0.0074589,0,0,0.012829,0,0,0.0029153,0.00017205,0,0,0.0019903,0.10658,0,0.098121,0.0064558,0.0014216,0.049144,0.00065593,0.00072293,0.0016974,0.088834,0,0.00024289,0,0,0,0.0082768,0,0,0.0002541,0,0.0016431,0,0,0.018897,0.00021046,0.020552,0.008943,0,0,0,0,0,0,0,0,0,0,0,0.00024522,0,0,0,0,0,0,0,0,0,0,0,0,0,0,0,0.0006771,0,0,0,0,0,0,0,0,0,0,0,0,0,0,0,0,0
0,0,0.0047582,0,0.00062861,0,0,0.0022866,0,0,0.037583,0,0.00038203,0.0051228,0.0033019,0,0,9.195e-05,0.1145,0.098121,0,0.00365,0.0010239,0.0075009,0.0039225,0.0095277,0.0055186,0.010698,0.00011751,0.0011048,8.9725e-05,0.00024989,0,0.00065816,0,0.0036071,0.017231,0.0021599,0.0051511,8.7075e-05,0,0.056008,0.00412,0.037018,0.0078608,0,0,0,0,0,0,0,9.9755e-05,0,0,0,0,0,0,0,0,0,0,0,0,0,0,0,0,0,0,0,0.0001962,0,0,0,0,0,0,0,0,0,0,0,0,0,0,0,0,0
0,0,0.00056242,0,0.0003375,0,0.00011989,0.000161,0,0,0.00047919,0,0,9.805e-05,0.00012136,0,0.00067246,0.046525,0.013661,0.0064558,0.00365,0,0.15095,0.12709,0.070857,0.027521,0.023625,0.0068118,0,0,0,0,0,0.068115,0,0,0.0020224,0.00010485,0.0018966,0,0,0.00041063,0.00038437,0.00054304,0.0016802,0.00030264,0,0,0,9.2185e-05,0,0.00020213,0,0.00026435,0,0,0.022378,0,0,0,0,0,0.00039301,0.00072693,0.00071772,0.012716,0.015525,0.027724,0.055723,0,0,0.0060919,0.038928,0,0,0,0,0,0,0,0,0,0,0,0,0,0,0,0,0
0,0,0,0,0,0,0,0,0,0,0,0,0,0,0,0.0010919,0.003224,0.049018,0.0067992,0.0014216,0.0010239,0.15095,0,0.024875,0.15894,0.012611,0.0031978,0.0013917,0,0.0093622,0,0,0,0.099848,0,0,0.00060824,0.00014076,0.003064,0,0.00037202,0,0.00052099,0,0.00083189,0.00026491,0,0,0,0.00020714,0,0.00014082,0,0.00013744,0,0,0.031901,0,0,0,0.0016674,0,0.00013694,9.1084e-05,0.0010444,0.012842,0.0033094,0.048906,0.027335,0.00010135,0,0.0059814,0.043397,0,0,0,0,0,0,0,0,0,0,0,0,0,0,0,0,0
0,0.00020339,0.0043836,0,0.0018926,0,0,0.0014646,0,0,0.0018526,0.00011906,0.00010408,0.0014802,0.00028052,0,0.00012354,0.012937,0.035597,0.049144,0.0075009,0.12709,0.024875,0,0.013672,0.019058,0.06925,0.092114,0,0,0,0,0,0.024542,0,0,0.0056686,0,0.0021083,0,0.00014687,0.0024723,0.0038969,0.0041419,0.010937,0,0,0,0,0,0,0,0,0,0,0,0.004046,0,0,0,0,0,0,0,0,0.00097191,0.009417,0.0022503,0.0093826,0,0,0.0012328,0.0052294,0,0,0,0,0,0,0,0,0,0,0,0,0,0,0,0,0
0.00017371,0,0,0,0,0,0,0,8.8861e-05,0,0,0,0,0,0.00018294,0,0,0.039795,0.011502,0.00065593,0.0039225,0.070857,0.15894,0.013672,0,0.13145,0.018441,0.0047001,0,0.049,0.0020286,0,9.3617e-05,0.055785,0.00022887,0,0.0048653,0.00095054,0.0091368,0.00081784,0.0020377,0.00023057,0.0020439,0.00051999,0.0024487,0.00012866,0,0,0,0,0,0.0001843,0,0,0,0,0.021698,0,0,0,0.001367,0,9.8479e-05,0.00078064,0.0019333,0.016464,0.0024864,0.02131,0.021298,0,0,0.0059691,0.042339,0,0,0,0,0,0,0,0,0,0,0,0,0,0,0,0,0
0.00045482,0.00023515,0.0025774,0,0.0016031,0.00037436,0.00066827,0.0023253,0.0005211,0,0.00090842,9.411e-05,0,0.000353,0.0016174,0,0,0.013995,0.010618,0.00072293,0.0095277,0.027521,0.012611,0.019058,0.13145,0,0.14741,0.019445,0.0012854,0.039381,0.030951,0.00010749,0.058904,0.01006,0,0,0.014405,0.0013298,0.0094091,0.0011846,0.0071398,0.0046404,0.045803,0.0024843,0.020019,0,0,0,0,0,0,0,0,0,0,0,0.0066786,0,0,0,0.00011751,0,0,0.00026596,0.00038046,0.0055595,0.00084828,0.0073558,0.0090852,0,0,0.00068656,0.017519,0,0,0,0,0,0,0,0,0,0,0,0,0,0,0,0,0
0,0.00071586,0.0033063,0,0.0014787,0,8.9259e-05,0.0015422,0,0,0.00087876,0.00032807,0.00012573,0.00073006,0.00088169,0,0,0.0058571,0.011931,0.0016974,0.0055186,0.023625,0.0031978,0.06925,0.018441,0.14741,0,0.10769,0.00020436,9.3441e-05,0,0,0.00095196,0.0046286,0,0,0.0098547,9.0828e-05,0.0023651,0,0.0017817,0.0031413,0.024025,0.0021375,0.059169,0,0,0,0,0,0,0,0,0,0,0,0.0038857,0,0,0,0,0,0,0,0,0.0015368,0.00058673,0.0024943,0.0043051,0,0,0.00068002,0.0065403,0,0,0,0,0,0,0,0,0,0,0,0,0,0,0,0,0
0,0,0.002016,0,0.0005945,0,0,0.00050933,8.9984e-05,0,0.0016329,0,0,0.00087219,0,0,0,0.00067743,0.049394,0.088834,0.010698,0.0068118,0.0013917,0.092114,0.0047001,0.019445,0.10769,0,0,0,0,0,0.00019883,0.0010641,0,0,0.0029153,0,0.0041789,0,0,0.0040458,0.004019,0.025937,0.10254,0,0,0,0,0,0,0,0,0,0,0,0.00035919,0,0,0,0,0,0,0,0,0,0.00013442,0.00036422,0.0004555,0,0,0,0.0013396,0,0,0,0,0,0,0,0,0,0,0,0,0,0,0,0,0
0.087303,0.00023772,0,0.00073152,0,0.0086706,0.00082678,0,0.067168,8.9347e-05,0,0,0,0,0.0089965,0,0,0,0.00010205,0,0.00011751,0,0,0,0,0.0012854,0.00020436,0,0,0.038259,0.075567,0.063826,0.0054585,0.0052917,0.016211,0.00099172,0.023883,0.0085457,0.018728,0.023885,0.016886,0.00023385,0.0029659,0,0.0014251,0,0,0,0,0,0.00022367,0,0,0,0,0.00053795,0.00021837,0,0,0,0,0.0001089,0,0,0,0,0,0,0,0,0,0,0,0,0,0,0,0,0,0,0.00014855,0,0,0,0,0,0,0,0,0
0.00043844,0.00018242,0,0,0,0,0,0,0.00045489,0.00020978,0,0,0,0,0.00093279,0,8.8932e-05,0.0066198,0.001808,0.00024289,0.0011048,0,0.0093622,0,0.049,0.039381,9.3441e-05,0,0.038259,0,0.083073,0.004436,0.020894,0.059996,0.0014316,0.00016822,0.0081164,0.0023805,0.0185,0.003012,0.0041758,9.7696e-05,0.0023359,0,0.00084067,0,0,0,0,0.0001983,0.00024281,0,0,0,0,0.00029473,0.0081658,0.0002326,0,0,0.0028716,0.00010333,0,0,0,0.00042645,0,0.0015297,0,0,0,0.00052983,0.0076597,0,0,0,0,0,0,0,0,0,0,0,0,0,0,0,0,0
0.0066399,0,0,0.00049422,0,0.002171,0.00060833,0,0.005504,0,0,0,0,0,0.0020172,0,0,8.9231e-05,0,0,8.9725e-05,0,0,0,0.0020286,0.030951,0,0,0.075567,0.083073,0,0.087673,0.10746,0.00081593,0,0,0.006668,0.00093735,0.0049893,0.0021166,0.0034356,0,0.007817,0,0.0020032,0,0,0,0,0,0,0,0,0,0,0,0.00023413,0,0,0,9.0831e-05,0,0,0,0,0,0,0,0,0,0,0,0.00046606,0,0,0,0,0,0,0,0,0,0,0,0,0,0,0,0,0
0.0028969,0,0,0,0.00020177,0.0050588,0.0027431,0.00022454,0.044704,0,0,0,0,0,0.011061,0,0,0,0,0,0.00024989,0,0,0,0,0.00010749,0,0,0.063826,0.004436,0.087673,0,0.041341,0.0016717,0,0,0.0080643,0.00025401,0.0026699,0.010654,0.089449,0.00033385,0.02618,0,0.0040956,0,0,0,0,0,0,0,0,0,0,0,0,0,0,0,0,0,0,0,0,0,0,0,0,0,0,0,0,0,0,0,0,0,0,0,0,0,0,0,0,0,0,0,0,0
0.0024774,9.377e-05,0,0.00016875,9.3735e-05,0.0011366,0.00048333,0,9.852e-05,0,0,0,0,0,0.00072805,0,0,0,0,0,0,0,0,0,9.3617e-05,0.058904,0.00095196,0.00019883,0.0054585,0.020894,0.10746,0.041341,0,0.00051147,0,0,0.0039408,0.00079229,0.0033445,0.00040986,0.0043641,0,0.071797,0,0.012056,0,0,0,0,0,0,0,0,0,0,0,8.9033e-05,0,0,0,0,0,0,0,0,0,0,0,0,0,0,0,9.6619e-05,0,0,0,0,0,0,0,0,0,0,0,0,0,0,0,0,0
0,0,0,0,0,0,0,0,0.00010028,0.00079236,0,0.00030986,0,0,0,0.0081096,0.058069,0.14325,0.0081751,0.0082768,0.00065816,0.068115,0.099848,0.024542,0.055785,0.01006,0.0046286,0.0010641,0.0052917,0.059996,0.00081593,0.0016717,0.00051147,0,0.042828,0.0013263,0.0026567,0.00039537,0.016299,0.0013867,0.0023616,0,0.001334,0,0.0011011,0.00012693,0,9.8929e-05,0,0.0019339,0.00090657,0.0016972,0,0.00034465,0,0.0135,0.073214,0.00056821,0.0006462,0.00030125,0.0078555,0.0030837,0.00011912,0.0004355,0.00083687,0.011997,0.0031808,0.025365,0.024093,0.00010622,0,0.0052173,0.068573,0.0067789,0,0,0,0,0,0,0.00033262,0,0,0,0,0,0,0,0,0
0.021064,0.002093,0,0,0,0,0,0,0,0.052186,0,0,0,0,0,0,0.046904,0,0.00028738,0,0,0,0,0,0.00022887,0,0,0,0.016211,0.0014316,0,0,0,0.042828,0,0.017574,0.0054849,0.0020603,0.039675,0,0,0,0,0,0,0,0,0,0,0,0.00020692,0.00056276,0,0,0,0.032969,0.0013552,0,0,0,0,0.0016411,0,0,0,0,0,0,0,0,0,0,0,0.011378,0,0,0,0,0,0,0.035594,0,0,0,0,0,0,0,0.0017844,0.0027993
0.0034233,0.013995,0.03274,0.0059891,0.022625,0.0035116,0.0070977,0.015227,8.668e-05,0.0057505,0.071563,0.01566,0.021287,0.038662,0.0013481,0.010858,0.00074315,0,0.00068148,0,0.0036071,0,0,0,0,0,0,0,0.00099172,0.00016822,0,0,0,0.0013263,0.017574,0,0.039669,0.023294,0.07519,0,0,0.00038732,0,0.00041583,0,0,0,0,0,0,0,0,0,0,0.01178,0,0,0,0,0,0,0,0,0,0,0,0,0,0,0,0,0,0,0,0.00098389,0,0.011936,0.013207,0.0052528,0.013971,0.0013188,0,0,0,0,9.732e-05,0,0.0055814,0.0024288,0
0.021944,0.053631,0.046209,0.014124,0.040911,0.0076818,0.024893,0.04766,0.018179,0.016851,0.0085078,0.032531,0.0079549,0.011746,0.062951,0.0049189,0.0017539,0.00020903,0.0061857,0.0002541,0.017231,0.0020224,0.00060824,0.0056686,0.0048653,0.014405,0.0098547,0.0029153,0.023883,0.0081164,0.006668,0.0080643,0.0039408,0.0026567,0.0054849,0.039669,0,0.2,0.040925,0.011805,0.0088848,0.012911,0.0084721,0.005799,0.0048426,0,0,0,0,0,0,0.00020779,0.0003518,0.00024699,0.00019152,0,0,0,0,0,0,0,0,0,0,0,0,0,0,0,0,0,0.00033502,0.00025904,0.00037338,0,0,0,0.0033338,0,0.001591,0,0,0,0.00017939,0,0,0,0.0027253,0
0.0089814,0.029888,0.017311,0.006598,0.016298,9.281e-05,0.0061466,0.016366,0,0.0056974,9.9135e-05,0.021327,0.0038939,0.0014979,0.0061108,0.003355,0.00054851,0,0.0013955,0,0.0021599,0.00010485,0.00014076,0,0.00095054,0.0013298,9.0828e-05,0,0.0085457,0.0023805,0.00093735,0.00025401,0.00079229,0.00039537,0.0020603,0.023294,0.2,0,0.033492,9.7064e-05,0,0.00069976,0.00076561,0.00037755,0.0003975,0,0,0,0,0,0,0,0.00036475,0.00010199,0,0,0,0,0,0,0,0,0,0,0,0,0,0,0,0,0,0,0,0,0.00028687,0,0,0,0.0012195,0,0.00029194,0,0,0,0,0,0,0,0.0014224,0
0.022741,0.02234,0.0063488,0.0040483,0.012138,0.0011276,0.0055484,0.01195,0.00037795,0.018097,0,0.011003,0.00042213,8.7784e-05,0.0012318,0.00087582,0.0030151,0.0022196,0.056663,0.0016431,0.0051511,0.0018966,0.003064,0.0021083,0.0091368,0.0094091,0.0023651,0.0041789,0.018728,0.0185,0.0049893,0.0026699,0.0033445,0.016299,0.039675,0.07519,0.040925,0.033492,0,0,0.00044184,0.00096696,0.0029162,0.0042066,0.0061042,0,0,0,0,0,0,0.0022165,0.00035549,0.00018998,9.7562e-05,0,0.0019969,0,0,0,0,0,0,0,0,0,0,0.00013327,0,0,0,0,0.0021174,0.00031234,0.00014997,0,0,0,0.0011793,0,0.0017772,0,0,0,0,0,0,0,0.0010294,0
0.00011659,0,0,0,0,0,0,0.00010213,0.13987,0,0,0,0,0,0.097513,0,0.00010422,0,0,0,8.7075e-05,0,0,0,0.00081784,0.0011846,0,0,0.023885,0.003012,0.0021166,0.010654,0.00040986,0.0013867,0,0,0.011805,9.7064e-05,0,0,0.13693,0.0015231,0.0046406,0,0.00026036,0,0,0,0,0,0,0,0,0,0,0,0,0,0,0,0,0,0,0,0,0,0,0,0,0,0,0,0,0,0,0,0,0,0,0,0,0,0,0,0,0,0,0,0,0
0.000399,0.00010437,0,0,0,0.0053497,0.0032346,0.00065782,0.1111,0,0,0,0,0,0.051275,0,0,9.4617e-05,0,0,0,0,0.00037202,0.00014687,0.0020377,0.0071398,0.0017817,0,0.016886,0.0041758,0.0034356,0.089449,0.0043641,0.0023616,0,0,0.0088848,0,0.00044184,0.13693,0,0.042101,0.11113,0.00084297,0.0011623,0,0,0,0,0,0,0,0,0,0,0,0.00019622,0,0,0,0,0,0,0,0,0,0,0,0,0,0,0,0.00012753,0,0,0,0,0,0,0,0,0,0,0,0,0,0,0,0,0
0.00026307,0.0016068,0.017838,0.00078856,0.0065125,0.012796,0.0035797,0.07196,0.022365,0.00010734,0.019352,0.00055495,0.00071019,0.0067215,0.047012,0,0,0,0.012608,0.018897,0.056008,0.00041063,0,0.0024723,0.00023057,0.0046404,0.0031413,0.0040458,0.00023385,9.7696e-05,0,0.00033385,0,0,0,0.00038732,0.012911,0.00069976,0.00096696,0.0015231,0.042101,0,0.036314,0.094192,0.0038685,0,0,0,0,0,0,0,0,0,0,0,0,0,0,0,0,0,0,0,0,0,0,0,0,0,0,0,0,0,0,0,0,0,0,8.9422e-05,0,0,0,0,0,0,0,0,0,0
0.0038569,8.7326e-05,0.0038301,0.00060814,0.0023348,0.007848,0.0052379,0.0038286,0.0084864,0,0.0037954,0,0,0.0012303,0.0084844,0,0,0.00089747,0.0083192,0.00021046,0.00412,0.00038437,0.00052099,0.0038969,0.0020439,0.045803,0.024025,0.004019,0.0029659,0.0023359,0.007817,0.02618,0.071797,0.001334,0,0,0.0084721,0.00076561,0.0029162,0.0046406,0.11113,0.036314,0,0.04459,0.10407,0,0,0,0,0,0,0,0,0,0,0,0.00072916,0,0,0,0,0,0,0,0,0,0,0.00026182,0,0,0,0,0.0017671,0,0,0,0,0,0,0,0,0,0,0,0,0,0,0,0,0
0,0.00020427,0.011165,0,0.0019213,0,0.00051692,0.0083208,0,0,0.012366,9.8156e-05,0.00056922,0.0063957,0.00818,0,0,0,0.032068,0.020552,0.037018,0.00054304,0,0.0041419,0.00051999,0.0024843,0.0021375,0.025937,0,0,0,0,0,0,0,0.00041583,0.005799,0.00037755,0.0042066,0,0.00084297,0.094192,0.04459,0,0.051269,0,0,0,0,0,0,0,0,0,0,0,0,0,0,0,0,0,0,0,0,0,0,0,0,0,0,0,0,0,0,0,0,0,0,0,0,0,0,0,0,0,0,0,0,0
0.0016236,0,0.0020497,0,0.00096414,0.0022848,0.0012122,0.00089084,0.0020345,0,0.0027525,0,8.3985e-05,0.0011168,0.0015984,0,0,0.0016854,0.031076,0.008943,0.0078608,0.0016802,0.00083189,0.010937,0.0024487,0.020019,0.059169,0.10254,0.0014251,0.00084067,0.0020032,0.0040956,0.012056,0.0011011,0,0,0.0048426,0.0003975,0.0061042,0.00026036,0.0011623,0.0038685,0.10407,0.051269,0,0,0,0,0,0,0,0,0,0,0,0,0.0011626,0,0,0,0,0,0,0,0,0,0,0.00013612,0,0,0,0,0.0028218,0,0,0,0,0,0,0,0,0,0,0,0,0,0,0,0,0
0,0,0,0,0,0,0,0,0,0,0,0,0,0,0,0,0,0.000315,0,0,0,0.00030264,0.00026491,0,0.00012866,0,0,0,0,0,0,0,0,0.00012693,0,0,0,0,0,0,0,0,0,0,0,0,0.04256,0.10531,0.00071382,0.0034498,0,0.0020153,0.0001184,0.0046197,0,0,0.00044188,0.013018,0.0018652,0.0014533,0.00079862,0.00087265,0.085823,0.062173,0.021195,0.0050556,0.0041794,0.00080455,0.0021397,0.0051043,0.0041226,0.023126,0.0010095,0,0,0.00059153,0.00010837,0,0,0.00011731,0,0.00035832,0.00017769,0,0.00027768,0.00054438,8.4412e-05,0.00079021,0,0.0013465
0,0,0,0,0,0,0,0,0,0,0,0,0,0,0,0,0,0,0,0,0,0,0,0,0,0,0,0,0,0,0,0,0,0,0,0,0,0,0,0,0,0,0,0,0,0.04256,0,0.042744,0.08935,0.0069216,0,0.0027073,0.00032364,0.0077715,0.0018942,0,0,0,0,0,0,0,0.025312,0.0019743,0.0012733,0.0015112,0.0038839,0.0004105,0.0016014,0.059402,0.018427,0.034595,0.00010424,0,0,0.0024086,0.0077029,0.00011175,0,0.0099782,0,0,0.0029849,0,0,0.0028604,0,0.0098302,0,0
0,0,0,0,0,0,0,0,0,0,0,0,0,0,0,0,0,0.00013596,0,0,0,0,0,0,0,0,0,0,0,0,0,0,0,9.8929e-05,0,0,0,0,0,0,0,0,0,0,0,0.10531,0.042744,0,0.019545,0.11381,0.0014207,0.00023522,0.00034346,0.0097153,0,0,0.00084052,0.053481,0.013601,0.0043526,0.0023666,0.003312,0.0054355,0.014389,0.057719,0.0045084,0.0022457,0.00023822,0.0016534,0.00075691,0,0.0064221,0.00058981,0,0,0.0056665,0,0,0,0,0,0.0037438,0.00080524,0.0010652,0.0020522,0.0011387,0.00031293,0.0010298,0.00020206,0.0032396
0,0,0,0,0,0,0,0,0,0,0,0,0,0,0,0,0,0,0,0,0,0,0,0,0,0,0,0,0,0,0,0,0,0,0,0,0,0,0,0,0,0,0,0,0,0.00071382,0.08935,0.019545,0,0.046256,0.0034702,0,0,0.01973,0.0038166,0,0.00010702,8.5624e-05,0.00020683,0,0,0,0.0029825,0.0010595,0.0017452,0.0012168,0.0029601,0.00018928,0.0016498,0.068843,0.018496,0.011396,0.00017959,0,0,0.039525,0.010495,0.00059157,0,0.026651,0,0.024595,0.05035,0.0013018,0.0068839,0.0062079,0.00024676,0.017264,0.00087657,0
0,0,0,0,0,0,0,0,0,0,0,0,0,0,0,0,0,0.00030599,0,0,0,9.2185e-05,0.00020714,0,0,0,0,0,0,0.0001983,0,0,0,0.0019339,0,0,0,0,0,0,0,0,0,0,0,0.0034498,0.0069216,0.11381,0.046256,0,0.13692,0,0,0.0095147,0,9.9461e-05,0.0053431,0.022866,0.058611,0.0014906,0.0058867,0.0074436,0.00044825,0.0009779,0.0069319,0.0045868,0.00081393,0.0019953,0.0015697,0.00021053,0,0.00075751,0.00057276,0,0,0.043687,0,0,0,0,0,0.091441,0.00015833,0.0010821,0.0016893,0,0,0,0,0.00029223
0,0,0,0,0,0,0,0,0,0,0,0,0,0,0,0,0,0,0,0,0,0,0,0,0,0,0,0,0.00022367,0.00024281,0,0,0,0.00090657,0.00020692,0,0,0,0,0,0,0,0,0,0,0,0,0.0014207,0.0034702,0.13692,0,0,0.0001448,0.0093361,0,0,0.0030311,0.00053928,0.0079599,0.00036411,0.0052917,0.0063076,0,0,0,0.00019108,0,0.000432,0,0.00024624,0,0,0,0,0,0.089904,0,0,0,0,0,0.14922,0.00015081,0,0,0,0,0,0,0
0,0.0011461,0,0,0,0,0,0,0,0.001401,0,0.0030563,0,0,0,0.00075961,0.00066204,0.0016815,0.0004182,0,0,0.00020213,0.00014082,0,0.0001843,0,0,0,0,0,0,0,0,0.0016972,0.00056276,0,0.00020779,0,0.0022165,0,0,0,0,0,0,0.0020153,0.0027073,0.00023522,0,0,0,0,0.029683,0.038779,0.07355,0.022075,0.0073085,0.0010998,0.0004158,0.0004597,0.011607,0.015087,0.0018828,0,0.0027776,0.0039204,0.0040376,0.0019087,0.0013783,0.0063998,0.00070633,0.047146,0.0023325,0.0042574,0.0016781,0.0004021,0,0.00021987,0.0092277,0,0.026128,0.00034654,0.0070527,0.0067473,0.0016253,0.0086028,0.0063437,0.0061585,0.031093,0.017093
0,0.00041229,0,0,0,0,0,0,0,0.00023942,0,0.002192,0,0,0,0.00068836,0,0.0001245,0,0,9.9755e-05,0,0,0,0,0,0,0,0,0,0,0,0,0,0,0,0.0003518,0.00036475,0.00035549,0,0,0,0,0,0,0.0001184,0.00032364,0.00034346,0,0,0.0001448,0.029683,0,0.18538,0.028325,0.0011732,0.00094932,0.00073277,9.1022e-05,0.00062026,0.0028195,0.0053655,0,0,0.0015131,0.0010696,0,0.00054518,0.000528,0.0065117,9.2181e-05,0.0018653,0.00030795,0.0015228,0.003554,0.0031438,0.0006411,0.0035772,0.014766,0,0.0062188,0.00019367,0.0097008,0.0073691,0.00043082,0.010225,0.0079963,0.013657,0.037748,0.0084347
0,0.00051541,0,0,0,0,0,0,0,0.00075654,0,0.0033851,0,0,0,0.00081432,0.00013854,0.0012418,0,0,0,0.00026435,0.00013744,0,0,0,0,0,0,0,0,0,0,0.00034465,0,0,0.00024699,0.00010199,0.00018998,0,0,0,0,0,0,0.0046197,0.0077715,0.0097153,0.01973,0.0095147,0.0093361,0.038779,0.18538,0,0.050869,0.0032028,0.0031289,0.005545,0.0077526,0.0038929,0.0074327,0.023152,0.0069796,0.0073887,0.0091638,0.0076678,0.012542,0.0032467,0.0088192,0.024979,0.00075853,0.014107,0.0025555,0.0025971,0.0036696,0.09094,0.0095273,0.0076377,0.019558,0.0062834,0.015407,0.02877,0.043229,0.033019,0.018732,0.033997,0.01451,0.044585,0.058815,0.027813
0,0.0025858,0.003428,8.432e-05,0.00073646,0,0,0,0,0.0035066,0.0062201,0.0060227,0.009127,0.010862,0,0.0021397,0.0004094,0,0,0,0,0,0,0,0,0,0,0,0,0,0,0,0,0,0,0.01178,0.00019152,0,9.7562e-05,0,0,0,0,0,0,0,0.0018942,0,0.0038166,0,0,0.07355,0.028325,0.050869,0,0.0040699,0,0,0,0,0,0.001446,0.0001046,0.00024963,0,0,0.0007015,0,0.0003159,0.0082686,0.00018537,0.001903,0,0.0011804,0.0066695,0.0023737,0.03702,0.028682,0.019252,0.067127,0.0076641,0,0.011638,0.011741,0.0057328,0.021805,0.01275,0.045089,0.029235,0.0016377
0,0,0,0,0,0,0,0,0,0.00030649,0,0,0,0,0,0,0.010456,0,0,0,0,0,0,0,0,0,0,0,0.00053795,0.00029473,0,0,0,0.0135,0.032969,0,0,0,0,0,0,0,0,0,0,0,0,0,0,9.9461e-05,0,0.022075,0.0011732,0.0032028,0.0040699,0,0.045923,0,0,0,0.0012287,0.042529,0,0,0,0,0,0,0,0,0,0.00021118,0,0.044451,0,0.00060488,0,0,0,0,0.06398,9.865e-05,0,0,0,0,0,0,0,0.022298
0,0,0,0,0,0,0,0,0,0,0,0,0,0,0,0,0.0072273,0.065708,0.0043437,0.00024522,0,0.022378,0.031901,0.004046,0.021698,0.0066786,0.0038857,0.00035919,0.00021837,0.0081658,0.00023413,0,8.9033e-05,0.073214,0.0013552,0,0,0,0.0019969,0,0.00019622,0,0.00072916,0,0.0011626,0.00044188,0,0.00084052,0.00010702,0.0053431,0.0030311,0.0073085,0.00094932,0.0031289,0,0.045923,0,0.0011857,0.0017528,0.00091924,0.048354,0.0081459,0.0023457,0.0021245,0.0084882,0.044373,0.02893,0.12558,0.087645,0.0011244,0.012057,0.010969,0.16735,0.035032,0.0017944,0.00034041,0,0,0,0,0.00045346,0.00022309,0,0,0,0,0,0,0.00010087,0
0,0,0,0,0,0,0,0,0,0,0,0,0,0,0,0,0,0.000518,0,0,0,0,0,0,0,0,0,0,0,0.0002326,0,0,0,0.00056821,0,0,0,0,0,0,0,0,0,0,0,0.013018,0,0.053481,8.5624e-05,0.022866,0.00053928,0.0010998,0.00073277,0.005545,0,0,0.0011857,0,0.042205,0.12007,0.041607,0.0087997,0.00041101,0,0.063558,0.022537,0,0.00010219,0,0.00010611,0,0.00044899,0.00048307,0,0,0.0019515,0,0,0,0,0,0.0011022,0.00012138,0.0022259,0.0022916,0.00024638,0.0021921,0,9.2613e-05,0.0070365
0,0,0,0,0,0,0,0,0,0,0,0,0,0,0,0,0,0,0,0,0,0,0,0,0,0,0,0,0,0,0,0,0,0.0006462,0,0,0,0,0,0,0,0,0,0,0,0.0018652,0,0.013601,0.00020683,0.058611,0.0079599,0.0004158,9.1022e-05,0.0077526,0,0,0.0017528,0.042205,0,0.10701,0.011869,0.082869,0,0,0.00046402,0.00011043,0,0,0,0,0,0,0,0,0,0.010959,0,0,0,0,0,0.05453,0.00031837,0.0029543,0.0030347,0,0.00011623,0,9.5383e-05,0.0033502
0,0,0,0,0,0,0,0,0,0,0,0,0,0,0,0,0,0,0,0,0,0,0,0,0,0,0,0,0,0,0,0,0,0.00030125,0,0,0,0,0,0,0,0,0,0,0,0.0014533,0,0.0043526,0,0.0014906,0.00036411,0.0004597,0.00062026,0.0038929,0,0,0.00091924,0.12007,0.10701,0,0.073796,0.049259,0,0,0.0029116,0.0012166,0,0,0,0.00010602,0,0,0,0,0,0.0019729,0,0,0,0,0,0.0034344,0,0.0018975,0.0026124,0,0.0020407,0,0.00019185,0.010428
0,0,0,0,0,0,0,0,0,0,0,0,0,0,0,0,0,0.0051437,0.00056372,0,0,0,0.0016674,0,0.001367,0.00011751,0,0,0,0.0028716,9.0831e-05,0,0,0.0078555,0,0,0,0,0,0,0,0,0,0,0,0.00079862,0,0.0023666,0,0.0058867,0.0052917,0.011607,0.0028195,0.0074327,0,0.0012287,0.048354,0.041607,0.011869,0.073796,0,0.046,0,0,0.011923,0.040144,0,0.013841,9.5859e-05,0.00093545,0.00025205,0.0020454,0.0061406,0,0,0.0011457,0,0,0,0,0,0.00049074,0,0,0,0,0,0,0,0.0017863
0,0,0,0,0,0,0,0,0,0,0,0,0,0,0,0,0.00020846,0,0,0,0,0,0,0,0,0,0,0,0.0001089,0.00010333,0,0,0,0.0030837,0.0016411,0,0,0,0,0,0,0,0,0,0,0.00087265,0,0.003312,0,0.0074436,0.0063076,0.015087,0.0053655,0.023152,0.001446,0.042529,0.0081459,0.0087997,0.082869,0.049259,0.046,0,0,0,0.0013525,9.4374e-05,0.00010141,0,0,0.00018188,0,0.00043715,0,0.00034662,0,0.0067167,0,0,0,0,0.00017611,0.040451,0,0.00020202,0.0018384,0,0.0010785,0,0.00046708,0.093075
0,0,0,0,0,0,0,0,0,0,0,0,0,0,0,0,0,0.00058623,0,0,0,0.00039301,0.00013694,0,9.8479e-05,0,0,0,0,0,0,0,0,0.00011912,0,0,0,0,0,0,0,0,0,0,0,0.085823,0.025312,0.0054355,0.0029825,0.00044825,0,0.0018828,0,0.0069796,0.0001046,0,0.0023457,0.00041101,0,0,0,0,0,0.10628,0.016971,0.011698,0.083114,0.0032784,0.0092761,0.021707,0.089597,0.049232,0.001471,0,0,8.6401e-05,0.00063885,0,0,0.001002,0,0,0.0016232,9.6208e-05,0,0.0016119,0,0.0019547,0.00010701,0
0,0,0,0,0,0,0,0,0,0,0,0,0,0,0,0,0,0.0017061,8.6857e-05,0,0,0.00072693,9.1084e-05,0,0.00078064,0.00026596,0,0,0,0,0,0,0,0.0004355,0,0,0,0,0,0,0,0,0,0,0,0.062173,0.0019743,0.014389,0.0010595,0.0009779,0,0,0,0.0073887,0.00024963,0,0.0021245,0,0,0,0,0,0.10628,0,0.079776,0.020587,0.06652,0.0055053,0.029838,0.0028485,0.0015786,0.0085813,0.002299,0,0,0.00070522,0,0,0,0,0,0,0.0011922,9.215e-05,0,0.00069917,0,0.00046058,0.00016928,0
0,0,0,0,0,0,0,0,0,0,0,0,0,0,0,0,0,0.0034654,0,0,0,0.00071772,0.0010444,0,0.0019333,0.00038046,0,0,0,0,0,0,0,0.00083687,0,0,0,0,0,0,0,0,0,0,0,0.021195,0.0012733,0.057719,0.0017452,0.0069319,0,0.0027776,0.0015131,0.0091638,0,0,0.0084882,0.063558,0.00046402,0.0029116,0.011923,0.0013525,0.016971,0.079776,0,0.13051,0.0039983,0.014288,0.019051,0.0044286,0.00035457,0.0057945,0.0043614,0,0,0.001264,0,0,0,0,0,8.783e-05,0.00089001,8.6527e-05,0,9.4224e-05,0,0,0.00017029,0.00060666
0,0,0,0,0,0,0,0,0,0,0,0,0,0,0,0,0,0.026285,0.0018125,0,0,0.012716,0.012842,0.00097191,0.016464,0.0055595,0.0015368,0,0,0.00042645,0,0,0,0.011997,0,0,0,0,0,0,0,0,0,0,0,0.0050556,0.0015112,0.0045084,0.0012168,0.0045868,0.00019108,0.0039204,0.0010696,0.0076678,0,0,0.044373,0.022537,0.00011043,0.0012166,0.040144,9.4374e-05,0.011698,0.020587,0.13051,0,0.0096237,0.17014,0.079164,0.0055594,0.00082352,0.011959,0.032165,0,0,0.00057543,0,0,0,0,0,0.00011342,0.00073561,0,0,0,0,0,8.4306e-05,0
0,0,0,0,0,0,0,0,0,0,0,0,0,0,0,0,0,0.0063104,0.0011244,0,0,0.015525,0.0033094,0.009417,0.0024864,0.00084828,0.00058673,0.00013442,0,0,0,0,0,0.0031808,0,0,0,0,0,0,0,0,0,0,0,0.0041794,0.0038839,0.0022457,0.0029601,0.00081393,0,0.0040376,0,0.012542,0.0007015,0,0.02893,0,0,0,0,0.00010141,0.083114,0.06652,0.0039983,0.0096237,0,0.022328,0.13279,0.0064876,0.036672,0.025905,0.018187,0,0,0.00075567,0,0,9.3927e-05,0,0,0,0.00315,0.00044793,0,0.0024351,0.00010575,0.0023667,0.0007191,0
0,0,0,0,0,0,0,0,0,0,0,0,0,0,0,0,0,0.040322,0.0033021,0,0,0.027724,0.048906,0.0022503,0.02131,0.0073558,0.0024943,0.00036422,0,0.0015297,0,0,0,0.025365,0,0,0,0,0.00013327,0,0,0,0.00026182,0,0.00013612,0.00080455,0.0004105,0.00023822,0.00018928,0.0019953,0.000432,0.0019087,0.00054518,0.0032467,0,0,0.12558,0.00010219,0,0,0.013841,0,0.0032784,0.0055053,0.014288,0.17014,0.022328,0,0.18233,0.0020375,0.0012152,0.010564,0.054315,0.00047398,0,0.00030166,0,0,0,0,0,8.9922e-05,0,0,0,0,0,0,0,0
0,0,0,0,0,0,0,0,0,0,0,0,0,0,0,0,0,0.038827,0.0047573,0,0,0.055723,0.027335,0.0093826,0.021298,0.0090852,0.0043051,0.0004555,0,0,0,0,0,0.024093,0,0,0,0,0,0,0,0,0,0,0,0.0021397,0.0016014,0.0016534,0.0016498,0.0015697,0,0.0013783,0.000528,0.0088192,0.0003159,0,0.087645,0,0,0,9.5859e-05,0,0.0092761,0.029838,0.019051,0.079164,0.13279,0.18233,0,0.0066038,0.0065974,0.017483,0.053998,8.7405e-05,0,0.00042675,0,0,0,0,0,0,0.0015211,0.0002834,0,0.00041385,0.00011249,0.00063362,0.00017437,0
0,0,0,0,0,0,0,0,0,0,0,0,0,0,0,0,0,0.00047889,0,0,0,0,0.00010135,0,0,0,0,0,0,0,0,0,0,0.00010622,0,0,0,0,0,0,0,0,0,0,0,0.0051043,0.059402,0.00075691,0.068843,0.00021053,0.00024624,0.0063998,0.0065117,0.024979,0.0082686,0,0.0011244,0.00010611,0,0.00010602,0.00093545,0.00018188,0.021707,0.0028485,0.0044286,0.0055594,0.0064876,0.0020375,0.0066038,0,0.1119,0.11013,0.00086156,0,0,0.0025785,0.013893,0.001037,0,0.033588,0,0,0.005386,0,0,0.0028755,0,0.011554,0,0
0,0,0,0,0,0,0,0,0,0,0,0,0,0,0,0,0,0.00018001,8.8935e-05,0,0,0,0,0,0,0,0,0,0,0,0,0,0,0,0,0,0,0,0,0,0,0,0,0,0,0.0041226,0.018427,0,0.018496,0,0,0.00070633,9.2181e-05,0.00075853,0.00018537,0,0.012057,0,0,0,0.00025205,0,0.089597,0.0015786,0.00035457,0.00082352,0.036672,0.0012152,0.0065974,0.1119,0,0.11981,0.0016649,0,0,8.4122e-05,0.0030234,0,0,0.017966,0,0,0.0049867,0,0,0,0,0.0027356,0,0
0,0,0,0,0,0,0,0,0,0,0,0,0,0,0,0,0,0.014598,0.0045628,0,0,0.0060919,0.0059814,0.0012328,0.0059691,0.00068656,0.00068002,0,0,0.00052983,0,0,0,0.0052173,0,0,0,0,0,0,0,0,0,0,0,0.023126,0.034595,0.0064221,0.011396,0.00075751,0,0.047146,0.0018653,0.014107,0.001903,0.00021118,0.010969,0.00044899,0,0,0.0020454,0.00043715,0.049232,0.0085813,0.0057945,0.011959,0.025905,0.010564,0.017483,0.11013,0.11981,0,0.015955,0,0,0.00073119,0.00056163,0.00012034,9.0893e-05,0.00043515,8.9456e-05,0,0.0047533,0,0,0.0060026,0,0.0071384,0.00096548,0.0011185
0,0,0,0,0,0,0,0,0,0,0,0,0,0,0,0,0.0012918,0.1639,0.0064373,0.0006771,0.0001962,0.038928,0.043397,0.0052294,0.042339,0.017519,0.0065403,0.0013396,0,0.0076597,0.00046606,0,9.6619e-05,0.068573,0,0,0.00033502,0,0.0021174,0,0.00012753,0,0.0017671,0,0.0028218,0.0010095,0.00010424,0.00058981,0.00017959,0.00057276,0,0.0023325,0.00030795,0.0025555,0,0,0.16735,0.00048307,0,0,0.0061406,0,0.001471,0.002299,0.0043614,0.032165,0.018187,0.054315,0.053998,0.00086156,0.0016649,0.015955,0,0.058507,0.0059087,0,9.3822e-05,0,0.00046363,0.00013195,9.2573e-05,0,0,0,0,0,0,0,0.00019583,0
0,0.0026503,0,0,0,0,0,0,0,0.022016,0,0.019079,0,0,0,0.017115,0.066932,0.017696,0,0,0,0,0,0,0,0,0,0,0,0,0,0,0,0.0067789,0.011378,0,0.00025904,0,0.00031234,0,0,0,0,0,0,0,0,0,0,0,0,0.0042574,0.0015228,0.0025971,0.0011804,0.044451,0.035032,0,0,0,0,0.00034662,0,0,0,0,0,0.00047398,8.7405e-05,0,0,0,0.058507,0,0.083637,0,0,0.001296,0.045521,0.001025,0.078879,0.00010879,0,0.00013957,0.00066394,0,0,0,0.0097421,0
0,0.0065471,0.0025464,0.00026607,8.4487e-05,0,0,0.00010616,0,0.0037745,0.013275,0.040878,0.012968,0.0040148,0,0.11165,0.0054936,0,0,0,0,0,0,0,0,0,0,0,0,0,0,0,0,0,0,0.00098389,0.00037338,0.00028687,0.00014997,0,0,0,0,0,0,0,0,0,0,0,0,0.0016781,0.003554,0.0036696,0.0066695,0,0.0017944,0,0,0,0,0,0,0,0,0,0,0,0,0,0,0,0.0059087,0.083637,0,0,0.0086248,0.063728,0.10842,0.040353,0.0037458,0,0,8.6025e-05,0,0,0.00012687,0.0021278,0.029456,0
0,0,0,0,0,0,0,0,0,0,0,0,0,0,0,0,0,0,0,0,0,0,0,0,0,0,0,0,0,0,0,0,0,0,0,0,0,0,0,0,0,0,0,0,0,0.00059153,0.0024086,0.0056665,0.039525,0.043687,0.089904,0.0004021,0.0031438,0.09094,0.0023737,0.00060488,0.00034041,0.0019515,0.010959,0.0019729,0.0011457,0.0067167,8.6401e-05,0.00070522,0.001264,0.00057543,0.00075567,0.00030166,0.00042675,0.0025785,8.4122e-05,0.00073119,0,0,0,0,0.0020609,0,0,0.012138,0.00039928,0.11399,0.077812,0.057532,0.069533,0.0059301,0.0034586,0.0090113,0.0049301,0.0030357
0,0,0.0074099,0,0,0,0,0.00021522,0,0,0.022069,0.0012483,0.023158,0.084589,0,0.0073346,0,0,0,0,0,0,0,0,0,0,0,0,0,0,0,0,0,0,0,0.011936,0,0,0,0,0,0,0,0,0,0.00010837,0.0077029,0,0.010495,0,0,0,0.0006411,0.0095273,0.03702,0,0,0,0,0,0,0,0.00063885,0,0,0,0,0,0,0.013893,0.0030234,0.00056163,9.3822e-05,0,0.0086248,0.0020609,0,0.099068,0.0051356,0.12287,0,0,0.0081143,0,0,0.0011192,0,0.10451,0.0015587,0
0,0.00091664,0.014496,0,0.00025554,0,0,0.0002782,0,0,0.027208,0.011969,0.08845,0.028641,0,0.032586,0,0,0,0,0,0,0,0,0,0,0,0,0,0,0,0,0,0,0,0.013207,0,0,0,0,0,0,0,0,0,0,0.00011175,0,0.00059157,0,0,0.00021987,0.0035772,0.0076377,0.028682,0,0,0,0,0,0,0,0,0,0,0,0,0,0,0.001037,0,0.00012034,0,0.001296,0.063728,0,0.099068,0,0.0635,0.052424,0,0,8.6148e-05,0,0,0.00030221,0,0.061731,0.012509,0
0,0.021316,0.0073415,0.0031189,0.0018731,0.00018737,0.00032371,0.00021501,0,0.010716,0.003553,0.084873,0.01303,0.0018881,9.1161e-05,0.023479,0.0035046,0,0,0,0,0,0,0,0,0,0,0,0,0,0,0,0,0,0,0.0052528,0.0033338,0.0012195,0.0011793,0,0,0,0,0,0,0,0,0,0,0,0,0.0092277,0.014766,0.019558,0.019252,0,0,0,0,0,0,0,0,0,0,0,9.3927e-05,0,0,0,0,9.0893e-05,0.00046363,0.045521,0.10842,0,0.0051356,0.0635,0,0.004193,0.021528,0.00013861,0,0.0035317,0.0034535,8.9824e-05,0.0012729,0.009361,0.11931,0
0,0,0.0066369,0,0,0,0,0.00074374,0,0,0.067894,0.0025739,0.020217,0.022586,0,0.022812,0,0,0,0,0,0,0,0,0,0,0,0,0,0,0,0,0,0,0,0.013971,0,0,0,0,0,8.9422e-05,0,0,0,0.00011731,0.0099782,0,0.026651,0,0,0,0,0.0062834,0.067127,0,0,0,0,0,0,0,0.001002,0,0,0,0,0,0,0.033588,0.017966,0.00043515,0.00013195,0.001025,0.040353,0.012138,0.12287,0.052424,0.004193,0,0,0,0.014797,0,0,0.0018449,0,0.042834,0.00064953,0
0.0022996,0.015063,0,0.00069786,0,0.00047624,0,0,0,0.10485,0,0.004762,0,0,0,0.0051064,0.028101,0,0,0,0,0,0,0,0,0,0,0,0.00014855,0,0,0,0,0.00033262,0.035594,0.0013188,0.001591,0.00029194,0.0017772,0,0,0,0,0,0,0,0,0,0,0,0,0.026128,0.0062188,0.015407,0.0076641,0.06398,0.00045346,0,0,0,0,0.00017611,0,0,0,0,0,0,0,0,0,8.9456e-05,9.2573e-05,0.078879,0.0037458,0.00039928,0,0,0.021528,0,0,0.0028246,0,0.00028593,0.0070432,0,8.9175e-05,0,0.078175,0.0081277
0,0,0,0,0,0,0,0,0,0,0,0,0,0,0,0,0,0,0,0,0,0,0,0,0,0,0,0,0,0,0,0,0,0,0,0,0,0,0,0,0,0,0,0,0,0.00035832,0,0.0037438,0.024595,0.091441,0.14922,0.00034654,0.00019367,0.02877,0,9.865e-05,0.00022309,0.0011022,0.05453,0.0034344,0.00049074,0.040451,0,0,8.783e-05,0.00011342,0,8.9922e-05,0,0,0,0,0,0.00010879,0,0.11399,0,0,0.00013861,0,0.0028246,0,0.00050168,0.0042999,0.057729,0,0.0034255,0,0.0068103,0.017834
0,0,0,0,0,0,0,0,0,0,0,0,0,0,0,0,0,0,0,0,0,0,0,0,0,0,0,0,0,0,0,0,0,0,0,0,0,0,0,0,0,0,0,0,0,0.00017769,0.0029849,0.00080524,0.05035,0.00015833,0.00015081,0.0070527,0.0097008,0.043229,0.011638,0,0,0.00012138,0.00031837,0,0,0,0.0016232,0.0011922,0.00089001,0.00073561,0.00315,0,0.0015211,0.005386,0.0049867,0.0047533,0,0,0,0.077812,0.0081143,8.6148e-05,0,0.014797,0,0.00050168,0,0.048964,0.005566,0.083173,0.0045241,0.053399,0.0025298,0
0,0.00019289,0,9.1837e-05,0,0,0,0,0,0,0,0.0011043,0,0,0,0,0,0,0,0,0,0,0,0,0,0,0,0,0,0,0,0,0,0,0,0,0,0,0,0,0,0,0,0,0,0,0,0.0010652,0.0013018,0.0010821,0,0.0067473,0.0073691,0.033019,0.011741,0,0,0.0022259,0.0029543,0.0018975,0,0.00020202,9.6208e-05,9.215e-05,8.6527e-05,0,0.00044793,0,0.0002834,0,0,0,0,0.00013957,8.6025e-05,0.057532,0,0,0.0035317,0,0.00028593,0.0042999,0.048964,0,0.12794,0.0048356,0.094611,9.4132e-05,0.016702,0.0068573
0,0.00047155,0,0,0,0,0,0,0,0.00079956,0,0.00076674,0,0,0,0,0,0,0,0,0,0,0,0,0,0,0,0,0,0,0,0,0,0,0,0,0.00017939,0,0,0,0,0,0,0,0,0.00027768,0,0.0020522,0.0068839,0.0016893,0,0.0016253,0.00043082,0.018732,0.0057328,0,0,0.0022916,0.0030347,0.0026124,0,0.0018384,0,0,0,0,0,0,0,0,0,0,0,0.00066394,0,0.069533,0,0,0.0034535,0,0.0070432,0.057729,0.005566,0.12794,0,0,0.06476,0,0.025554,0.075935
0,9.3904e-05,0.0003874,0,0.00022993,0,0,0,0,0,0.0001081,0.00012242,0.0004477,0.00013129,0,0,0,0,0,0,0,0,0,0,0,0,0,0,0,0,0,0,0,0,0,9.732e-05,0,0,0,0,0,0,0,0,0,0.00054438,0.0028604,0.0011387,0.0062079,0,0,0.0086028,0.010225,0.033997,0.021805,0,0,0.00024638,0,0,0,0,0.0016119,0.00069917,9.4224e-05,0,0.0024351,0,0.00041385,0.0028755,0,0.0060026,0,0,0,0.0059301,0.0011192,0.00030221,8.9824e-05,0.0018449,0,0,0.083173,0.0048356,0,0,0.025118,0.11898,0.0080193,0
0,0.0012295,0,0.0006389,9.7862e-05,0,0.00020355,0,0,0.00070708,0,0.0027282,0,0,0,0,0,0,0,0,0,0,0,0,0,0,0,0,0,0,0,0,0,0,0,0,0,0,0,0,0,0,0,0,0,8.4412e-05,0,0.00031293,0.00024676,0,0,0.0063437,0.0079963,0.01451,0.01275,0,0,0.0021921,0.00011623,0.0020407,0,0.0010785,0,0,0,0,0.00010575,0,0.00011249,0,0,0,0,0,0.00012687,0.0034586,0,0,0.0012729,0,8.9175e-05,0.0034255,0.0045241,0.094611,0.06476,0.025118,0,0.0077004,0.11531,0.051987
